6.459011775534576625e-04
6.583202696620384662e-04
3.026999705729420268e-04
2.552965798282532447e-04
5.219687492408113614e-04
5.796917184699208357e-04
3.438382806069971214e-04
4.556704381034325257e-04
3.295686587429299684e-04
3.575096503375721469e-04
2.467907763679319522e-04
3.414337404891290887e-04
3.584818345030836182e-04
1.973053742592230007e-04
2.018552873963747084e-04
1.632396481088501164e-04
2.494280363895172111e-04
1.966387295335351548e-04
1.703830658013025289e-04
1.521946141064447870e-04
1.440190749765363502e-04
1.195062033352728718e-04
1.306266379615345986e-04
1.469010444160149284e-04
1.259840307595501993e-04
1.143076331483243528e-04
1.178092731432493344e-04
8.053857011691146464e-05
9.229615324576363874e-05
1.332848024470783014e-04
9.244393925788767588e-05
8.433106952343898349e-05
7.303047147048020743e-05
8.828357959955955819e-05
9.259450564969475136e-05
9.308804623908477295e-05
7.869056912514809841e-05
8.119706895025287146e-05
