1.142377975034580828e-03
1.061316272766338895e-03
9.867913333679496652e-04
9.373418269592163378e-04
9.002125714564963334e-04
8.713973166883565201e-04
8.782590000183662171e-04
8.650492794283397378e-04
9.049148750074463175e-04
8.858441578933540965e-04
9.121243874974367498e-04
9.920566547538807282e-04
1.009372443175085305e-03
1.162240695648784601e-03
1.172920166667608356e-03
1.606948640008986316e-03
1.698567346161053166e-03
1.837473324083389739e-03
2.650084205368304861e-03
4.635237931042029448e-03
5.089742633337166096e-03
1.103777250806809579e-02
8.067017000000505783e-03
1.648060254469689012e-01
2.438889592941177742e-01
1.455379841071422764e-01
1.077337188263886442e-01
8.739666699999971977e-02
7.277137025657895442e-02
4.546734819871790789e-02
4.463110969374997627e-02
3.500666267682926713e-02
2.771748514285710466e-02
2.501558715697671173e-02
2.681163153977272201e-02
2.690982897777775482e-02
1.874801716847826483e-02
1.626422127659575556e-02
1.530662408333333287e-02
1.293839346428572040e-02
