3.292119346249999978e+01
2.190484499070248248e+01
9.372396684426226088e+00
2.044654679268292696e+01
2.711510877016129228e+01
2.521625435900000411e+01
2.203787188888888693e+01
2.121523996456692984e+01
2.076766787109374945e+01
1.466881573546511675e+01
7.776235937500000084e+00
1.083584775190839622e+01
1.026141821117424335e+01
1.000818222180451045e+01
8.006426772388058666e+00
5.991769911111109792e+00
7.169228084558823433e+00
6.113761276459854344e+00
6.924711956521738543e+00
6.179624344424460070e+00
4.972752477678571204e+00
5.507046492907800683e+00
5.378126757042252848e+00
5.548168527972027420e+00
5.107504774305555273e+00
3.872249992241379335e+00
3.577113725171232161e+00
4.754704622448978846e+00
4.430923594594593951e+00
4.575136556208053484e+00
3.913251065833333264e+00
3.374891735099337264e+00
3.751291314967105439e+00
3.634866319444444382e+00
3.691383607142856071e+00
2.748124099999999626e+00
3.119730697916665463e+00
2.822270570063693640e+00
2.701966265031645165e+00
2.826821313679244607e+00
2.610017086718749102e+00
2.326809471273291408e+00
2.964671851080246334e+00
2.286697477760736064e+00
2.419813655487804471e+00
2.102570436363635942e+00
2.390581288403613947e+00
1.958532467065867921e+00
2.162364833333332736e+00
2.185270875739644403e+00
2.088743644117646792e+00
1.974655642543859280e+00
1.803011174418604146e+00
1.847328543352600771e+00
1.952270778735631707e+00
