1.082577990000136197e+02
9.727933801655764512e+01
8.619685000002289144e+01
8.109426686389383576e+01
7.747550816325660605e+01
7.461864488888787150e+01
7.875577500000184727e+01
7.761349264706743156e+01
8.356130177469164266e+01
7.912477534625496389e+01
8.174394374999967283e+01
8.974385487528527960e+01
8.536938347107233938e+01
9.668196025519601733e+01
9.460906319444691803e+01
1.252001711599993143e+02
1.244933354659750364e+02
1.192186680041159406e+02
1.484248059948982075e+02
1.814514075802636626e+02
1.785218930833327704e+02
2.137028349375650009e+02
1.903239730468738742e+02
2.214607832644626910e+02
2.500321745458470275e+02
2.214513244081632592e+02
1.937222036265433758e+02
1.338843824689554083e+02
1.204080877943210623e+02
7.362350927021664404e+01
6.396651524999973049e+01
6.579010337596658076e+01
5.172807930839000079e+01
5.040914434829641522e+01
4.617860174328512812e+01
4.291209659259247644e+01
3.659948955576553686e+01
3.492562968537791335e+01
2.952036453993052945e+01
2.909275964181590268e+01
