7.995999999999184871e-01
4.079591836734278720e-01
2.593962962962478858e-01
2.043561983470779386e-01
2.156570650887374707e-01
2.719061155555796416e-01
3.851595294117660662e-01
6.813336731301966598e-01
1.105347764172340375e+00
1.217255009451800651e+00
1.049265766399997357e+00
7.513540246913588128e-01
4.982196623067783325e-01
3.666603912591064884e-01
2.852374655647391122e-01
2.684517583673459162e-01
2.141678422205990917e-01
1.772959237343853800e-01
1.679461177870317512e-01
1.436819707950245106e-01
1.282915555555557696e-01
1.142012059755546510e-01
9.956728696376515586e-02
