-1.999000000000000110e+00
-1.999000000000000110e+00
-1.997700000000000253e+00
-1.993300000000000072e+00
-1.978660000000000085e+00
-1.951819999999999888e+00
-1.896639999999999882e+00
-1.803880000000000150e+00
-1.656939999999999857e+00
-1.423899999999999944e+00
-1.196640000000000148e+00
-1.024459999999999926e+00
-8.670799999999999619e-01
-7.744199999999999973e-01
-7.201999999999999513e-01
-6.768600000000001282e-01
-6.083199999999999719e-01
-5.736999999999999877e-01
-5.447600000000000220e-01
-5.099400000000000599e-01
-4.843999999999999972e-01
-4.574400000000000133e-01
-4.328799999999999870e-01
