-4.483990000000000009e+02
-4.470009999999999764e+02
-4.457559999999999718e+02
-4.431170000000000186e+02
-4.415020000000000095e+02
-4.387429999999999950e+02
-4.344039999999999964e+02
-4.298974999999999795e+02
-4.251134999999999877e+02
-4.195810000000000173e+02
-4.120350000000000250e+02
-4.089599999999999795e+02
-3.995720000000000027e+02
-3.919694999999999823e+02
-3.837139999999999986e+02
-3.695944999999999823e+02
-3.600235000000000127e+02
-3.511854999999999905e+02
-3.340389999999999873e+02
-3.180464999999999804e+02
-3.030215000000000032e+02
-2.869524999999999864e+02
-2.747540000000000191e+02
-2.343294999999999959e+02
-2.242785000000000082e+02
-1.913259999999999934e+02
-1.829209999999999923e+02
-1.587019999999999982e+02
-1.468965000000000032e+02
-1.306320000000000050e+02
-1.267660000000000053e+02
-1.180534999999999997e+02
-1.112909999999999968e+02
-1.058389999999999986e+02
-1.021294999999999931e+02
-1.016380000000000052e+02
-9.290099999999999625e+01
-9.174049999999999727e+01
-8.815099999999999625e+01
-8.502899999999999636e+01
