3.306449999999992034e-02
4.080031000000001740e-01
2.241025899999999904e+00
2.241030699999999598e+00
2.242788200000000121e+00
2.244282800000000133e+00
2.243924799999999831e+00
2.244014499999999579e+00
2.244072300000000464e+00
2.244701399999999847e+00
2.245508100000000340e+00
2.246494600000000119e+00
2.246284900000000029e+00
2.245746899999999879e+00
2.246135400000000004e+00
2.246045700000000256e+00
2.246494600000000119e+00
2.245213499999999751e+00
2.247062300000000068e+00
2.246733400000000103e+00
2.247032400000000152e+00
2.246494199999999886e+00
2.247241700000000009e+00
2.246793199999999935e+00
2.247271599999999925e+00
2.247271599999999925e+00
2.247600499999999890e+00
2.247450999999999866e+00
2.247510800000000142e+00
2.247361300000000117e+00
2.247122099999999900e+00
2.247690200000000083e+00
2.247720099999999999e+00
2.247361300000000117e+00
2.246823099999999851e+00
2.247301499999999841e+00
2.247391200000000033e+00
2.247331400000000201e+00
2.246315799999999641e+00
2.247391200000000033e+00
2.246793400000000052e+00
2.246374799999999894e+00
2.246882900000000127e+00
2.247271599999999925e+00
2.247032400000000152e+00
2.247122099999999900e+00
2.246643699999999910e+00
2.245538199999999929e+00
2.244881200000000021e+00
2.244491299999999967e+00
2.244462799999999980e+00
2.245179400000000047e+00
2.244492099999999990e+00
2.243208999999999786e+00
2.244162200000000329e+00
2.243029599999999846e+00
2.243626399999999688e+00
2.243389200000000194e+00
2.241176199999999952e+00
2.239955299999999205e+00
2.239384599999999281e+00
2.237772399999998552e+00
2.239329999999998488e+00
2.239921999999999969e+00
2.236695999999999351e+00
2.237807499999998839e+00
2.233422799999999153e+00
2.231868599999998981e+00
2.230388799999997396e+00
2.229045299999998342e+00
2.228724199999997602e+00
2.226149599999996731e+00
2.216369799999995394e+00
2.217451099999996345e+00
2.209540199999994403e+00
2.213414899999994301e+00
2.206505999999992085e+00
2.205613199999996166e+00
2.196667599999995169e+00
2.191727099999993822e+00
2.180458599999993030e+00
2.212494599999999867e+00
2.246255000000000113e+00
2.246583900000000078e+00
2.246823099999999851e+00
2.247062300000000068e+00
2.247361300000000117e+00
2.246733400000000103e+00
2.247720099999999999e+00
2.247720099999999999e+00
2.247331400000000201e+00
2.246793199999999935e+00
2.247540700000000058e+00
2.247720099999999999e+00
2.246434400000000053e+00
2.246853199999999884e+00
2.247271599999999925e+00
2.246882900000000127e+00
2.246734799999999588e+00
2.246464299999999970e+00
2.246404500000000137e+00
2.246404500000000137e+00
2.247242099999999798e+00
2.246583900000000078e+00
2.245776800000000240e+00
2.246284900000000029e+00
2.245417999999999914e+00
2.245657000000000014e+00
2.245927099999999843e+00
2.245359399999999894e+00
2.243237499999999773e+00
2.244102800000000286e+00
2.243088199999999865e+00
2.243714100000000045e+00
2.245269300000000356e+00
2.244192700000000151e+00
2.242519499999999777e+00
2.244521600000000117e+00
2.242044499999999996e+00
2.240250099999999911e+00
2.241327300000000022e+00
2.237361999999999629e+00
2.239713099999999457e+00
2.236697799999998626e+00
2.236615299999999085e+00
2.236052199999998713e+00
2.235687599999998554e+00
2.232793499999998321e+00
2.231334799999997287e+00
2.226668299999996048e+00
2.229370599999997093e+00
2.225575799999997884e+00
2.219072399999996392e+00
2.215815399999994550e+00
2.215057799999994081e+00
2.216773199999996002e+00
2.202066399999995205e+00
2.205792399999995101e+00
2.194727499999994613e+00
2.192370699999994343e+00
2.192600199999998445e+00
2.246464299999999970e+00
2.247391200000000033e+00
2.247211800000000093e+00
2.247421099999999949e+00
2.246972599999999876e+00
2.247630399999999806e+00
2.247450999999999866e+00
2.247749999999999915e+00
2.247480900000000226e+00
