8.821420000000000528e+01
7.149671500000000890e+01
1.042344599999999986e+02
5.407492000000000587e+01
6.780722000000000094e+01
6.305791500000000127e+01
5.944713000000000136e+01
6.000887000000000171e+01
5.477939999999999543e+01
3.909647499999999809e+01
2.113741500000000073e+01
3.262651999999999930e+01
2.710623500000000163e+01
2.845047999999999888e+01
2.145797999999999917e+01
1.618243000000000009e+01
2.281962000000000046e+01
1.715043500000000165e+01
1.921143000000000001e+01
1.717991500000000116e+01
1.397580500000000114e+01
1.565825000000000067e+01
1.529641000000000162e+01
1.807269000000000148e+01
1.472852000000000139e+01
1.132727500000000020e+01
1.044576499999999974e+01
1.418394999999999939e+01
1.387313000000000152e+01
1.366340500000000091e+01
1.175462500000000077e+01
1.020744999999999969e+01
1.173059500000000099e+01
1.113800500000000149e+01
1.137154999999999916e+01
8.681029999999999802e+00
9.764765000000000583e+00
9.275249999999999773e+00
8.597725000000000506e+00
9.203985000000001193e+00
8.595744999999999081e+00
7.681594999999999729e+00
9.607305000000000206e+00
7.488545000000000229e+00
7.937670000000000670e+00
6.943869999999999543e+00
7.936894999999999811e+00
6.698790000000000688e+00
7.313769999999999882e+00
7.446830000000000283e+00
7.105710000000000193e+00
6.809515000000000207e+00
6.225890000000000590e+00
6.414800000000000502e+00
6.813139999999999752e+00
