9.947931999999974906e-01
9.901399999999950241e-01
9.810559999999912684e-01
9.644875999999832361e-01
9.328563999999729406e-01
8.633369999999729316e-01
7.616245999999974314e-01
5.830977999999995554e-01
3.446792000000031830e-01
1.121745999999993332e-01
9.936799999999867267e-03
1.103555999999993043e-01
3.435346000000040201e-01
5.803102000000007754e-01
7.548541999999970331e-01
8.679781999999731656e-01
9.327199999999740143e-01
9.608821999999804797e-01
9.778863999999891643e-01
9.901185999999956300e-01
