-1.108499999999998514e-01
3.569100000000004491e-01
1.496250000000001856e+00
1.496250000000001856e+00
1.496840000000001281e+00
1.497340000000001003e+00
1.497220000000001106e+00
1.497250000000001080e+00
1.497270000000001211e+00
1.497480000000001032e+00
1.497750000000000359e+00
1.498080000000000300e+00
1.498010000000000286e+00
1.497830000000000661e+00
1.497960000000000402e+00
1.497930000000000428e+00
1.498080000000000300e+00
1.497650000000000814e+00
1.498270000000000213e+00
1.498160000000000380e+00
1.498259999999999925e+00
1.498080000000000300e+00
1.498330000000000162e+00
1.498180000000000289e+00
1.498340000000000227e+00
1.498340000000000227e+00
1.498450000000000060e+00
1.498400000000000176e+00
1.498420000000000085e+00
1.498370000000000202e+00
1.498290000000000122e+00
1.498480000000000034e+00
1.498490000000000100e+00
1.498370000000000202e+00
1.498190000000000355e+00
1.498350000000000071e+00
1.498380000000000045e+00
1.498360000000000136e+00
1.498020000000000351e+00
1.498380000000000045e+00
1.498180000000000289e+00
1.498040000000000482e+00
1.498210000000000264e+00
1.498340000000000227e+00
1.498260000000000147e+00
1.498289999999999900e+00
1.498130000000000406e+00
1.497760000000000646e+00
1.497540000000000537e+00
1.497410000000000796e+00
1.497400000000000730e+00
1.497640000000000526e+00
1.497410000000001018e+00
1.496980000000000866e+00
1.497300000000000963e+00
1.496920000000001139e+00
1.497120000000001117e+00
1.497040000000000814e+00
1.496300000000001740e+00
1.495890000000002162e+00
1.495700000000002250e+00
1.495160000000002709e+00
1.495680000000002341e+00
1.495880000000002097e+00
1.494800000000002793e+00
1.495170000000002775e+00
1.493700000000003136e+00
1.493180000000003949e+00
1.492680000000004226e+00
1.492230000000004608e+00
1.492120000000004998e+00
1.491260000000005581e+00
1.487960000000008165e+00
1.488330000000007702e+00
1.485660000000009306e+00
1.486970000000008341e+00
1.484640000000009952e+00
1.484340000000010207e+00
1.481300000000012052e+00
1.479630000000012213e+00
1.475800000000014434e+00
-1.191840000000000455e+00
-1.498000000000000442e+00
-1.498110000000000275e+00
-1.498190000000000355e+00
-1.498270000000000213e+00
-1.498370000000000202e+00
-1.498160000000000380e+00
-1.498490000000000100e+00
-1.498490000000000100e+00
-1.498360000000000136e+00
-1.498180000000000289e+00
-1.498430000000000151e+00
-1.498490000000000100e+00
-1.498060000000000391e+00
-1.498200000000000198e+00
-1.498340000000000227e+00
-1.498210000000000264e+00
-1.498160000000000380e+00
-1.498070000000000457e+00
-1.498050000000000326e+00
-1.498050000000000326e+00
-1.498330000000000162e+00
-1.498110000000000275e+00
-1.497840000000000282e+00
-1.498010000000000508e+00
-1.497720000000000606e+00
-1.497800000000000464e+00
-1.497890000000000388e+00
-1.497700000000000475e+00
-1.496990000000001153e+00
-1.497280000000001055e+00
-1.496940000000001492e+00
-1.497150000000001313e+00
-1.497670000000000723e+00
-1.497310000000001029e+00
-1.496750000000001357e+00
-1.497420000000001084e+00
-1.496590000000001419e+00
-1.495990000000002151e+00
-1.496350000000001623e+00
-1.495020000000002902e+00
-1.495810000000002304e+00
-1.494800000000003237e+00
-1.494770000000003041e+00
-1.494580000000002906e+00
-1.494460000000003008e+00
-1.493490000000003981e+00
-1.493000000000004324e+00
-1.491430000000005807e+00
-1.492340000000004663e+00
-1.491060000000005603e+00
-1.488880000000007087e+00
-1.487780000000008096e+00
-1.487520000000007725e+00
-1.488100000000007084e+00
-1.483120000000010430e+00
-1.484400000000009934e+00
-1.480650000000012900e+00
-1.479850000000012766e+00
1.637599999999978795e-01
1.498070000000000235e+00
1.498380000000000045e+00
1.498320000000000096e+00
1.498390000000000111e+00
1.498240000000000238e+00
1.498460000000000125e+00
1.498400000000000176e+00
1.498499999999999943e+00
1.498410000000000020e+00
