1.496954999999986047e+00
1.494609999999984229e+00
1.492519999999982305e+00
1.488074999999976500e+00
-1.485319999999981544e+00
-1.480594999999981898e+00
-1.473159999999984704e+00
1.465464999999987139e+00
-1.456884999999992436e+00
1.447190000000000643e+00
1.433715000000003181e+00
-1.427895000000007020e+00
-1.410575000000006796e+00
1.395920000000007155e+00
1.380540000000002543e+00
1.352219999999996869e+00
1.331929999999998060e+00
1.313204999999996625e+00
1.272934999999995043e+00
-1.230099999999995530e+00
1.190609999999999058e+00
1.133514999999998052e+00
-1.103840000000000598e+00
-6.093949999999994649e-01
9.628000000000003222e-02
-2.319250000000005474e-01
-3.853349999999996500e-01
-1.788900000000003543e-01
5.469499999999996587e-02
2.520500000000005375e-02
6.303499999999996606e-02
2.430499999999993083e-02
-6.067999999999997701e-02
3.876500000000004942e-02
-1.103499999999993895e-02
-2.639999999999967026e-03
1.389500000000003579e-02
-3.160000000000001696e-02
-3.138000000000008144e-02
1.820500000000001978e-02
