-9.971200000000017827e-01
-9.947600000000033083e-01
-9.901400000000066814e-01
-9.816600000000117454e-01
-9.652600000000196578e-01
-9.282100000000255147e-01
-8.711300000000072874e-01
-7.604899999999978899e-01
-5.811999999999964972e-01
-3.211699999999996780e-01
-2.300000000000000829e-03
3.181599999999992212e-01
5.801899999999979851e-01
7.587899999999979661e-01
8.671500000000059716e-01
9.307300000000243712e-01
9.651800000000193558e-01
9.798100000000128373e-01
9.885200000000075038e-01
9.947500000000034648e-01
