-1.584311111111110903e-03
-9.677086419753071819e-04
-2.374602469135797880e-03
2.454088888888890981e-03
-1.506108641975311595e-03
-3.284395061728402729e-04
-7.410617283950609539e-04
4.476592592592590174e-04
-7.797037037036984471e-05
-4.356395061728399513e-04
-3.808641975308643506e-04
-8.068691358024684349e-04
4.182567901234563422e-04
8.785679012345672730e-05
2.664543209876541613e-04
-1.437120987654321455e-03
-2.777135802469130879e-04
-5.347506172839508031e-04
2.645580246913578691e-04
-3.603111111111108582e-04
-4.556790123456780405e-04
6.969382716049391966e-05
1.141580246913577234e-04
3.301876543209879234e-04
6.892493827160464225e-04
-1.827506172839506225e-04
-4.605382716049376247e-04
7.700246913580247694e-05
-3.168938271604943989e-04
-3.246370370370378947e-04
1.313086419753102059e-05
3.413827160493826483e-05
1.141679012345680593e-04
-1.690222222222220239e-04
2.626320987654326292e-04
-2.313234567901236241e-04
-1.490864197530862851e-05
-7.388148148148134583e-05
