5.000000000000000000e-01
6.999999999999999556e-01
8.999999999999999112e-01
1.099999999999999867e+00
1.299999999999999822e+00
1.499999999999999778e+00
1.699999999999999734e+00
1.899999999999999689e+00
2.099999999999999645e+00
2.299999999999999822e+00
2.499999999999999556e+00
2.699999999999999289e+00
2.899999999999999467e+00
3.099999999999999645e+00
3.299999999999999378e+00
3.499999999999999112e+00
3.699999999999999289e+00
3.899999999999999467e+00
4.099999999999999645e+00
4.299999999999998934e+00
4.499999999999999112e+00
4.699999999999999289e+00
4.899999999999998579e+00
