9.994999999998981088e-02
7.139285714284987483e-02
5.625678888888312190e-02
4.835628181818638072e-02
4.796214615383249252e-02
5.761119333333530879e-02
9.213128823528894673e-02
2.430294736842131265e-01
1.388515790476188005e+00
1.852850093913044205e+01
1.458488313600000374e+01
8.655737596296299685e+00
4.677884468965517684e+00
3.121052487096774630e+00
2.181574639393939918e+00
1.888673725714286267e+00
1.382728970270270530e+00
1.102048164102564343e+00
9.859112195121952915e-01
8.495574860465117117e-01
7.058215022222222856e-01
6.246295744680852025e-01
5.694403591836736389e-01
