9.928156000000000859e+03
9.974587999999999738e+03
9.977327999999999520e+03
9.975371999999999389e+03
9.960727999999999156e+03
9.965891999999999825e+03
9.966272000000000844e+03
9.955652000000000044e+03
9.959968000000000757e+03
9.955208000000000538e+03
9.945379999999999200e+03
9.924172000000000480e+03
9.924495999999999185e+03
9.920172000000000480e+03
9.931236000000000786e+03
9.901739999999999782e+03
9.848131999999999607e+03
9.987623999999999796e+03
9.984852000000000771e+03
9.989208000000000538e+03
9.989208000000000538e+03
9.989208000000000538e+03
9.985247999999999593e+03
9.988415999999999258e+03
9.988020000000000437e+03
9.989208000000000538e+03
9.988415999999999258e+03
9.990000000000000000e+03
9.990000000000000000e+03
9.988811999999999898e+03
9.990000000000000000e+03
9.988415999999999258e+03
9.989208000000000538e+03
9.989603999999999360e+03
9.988020000000000437e+03
9.987227999999999156e+03
9.989603999999999360e+03
9.990000000000000000e+03
9.990000000000000000e+03
9.990000000000000000e+03
9.990000000000000000e+03
9.990000000000000000e+03
9.990000000000000000e+03
9.988811999999999898e+03
9.990000000000000000e+03
9.988415999999999258e+03
9.990000000000000000e+03
9.990000000000000000e+03
9.990000000000000000e+03
9.989208000000000538e+03
9.988415999999999258e+03
9.988415999999999258e+03
9.986435999999999694e+03
9.990000000000000000e+03
9.990000000000000000e+03
9.988811999999999898e+03
9.986040000000000873e+03
9.985255999999999403e+03
9.989603999999999360e+03
9.988811999999999898e+03
9.989208000000000538e+03
9.984456000000000131e+03
9.987227999999999156e+03
9.987227999999999156e+03
9.986832000000000335e+03
9.988020000000000437e+03
9.987227999999999156e+03
9.986832000000000335e+03
9.987227999999999156e+03
9.984852000000000771e+03
9.984456000000000131e+03
9.980504000000000815e+03
9.986832000000000335e+03
9.983664000000000669e+03
9.983268000000000029e+03
9.979316000000000713e+03
9.976575999999999112e+03
9.977731999999999971e+03
9.978912000000000262e+03
9.978920000000000073e+03
9.969440000000000509e+03
9.976948000000000320e+03
9.959943999999999505e+03
9.968260000000000218e+03
9.965868000000000393e+03
9.965487999999999374e+03
9.960355999999999767e+03
9.959968000000000757e+03
9.949379999999999200e+03
9.951327999999999520e+03
9.947708000000000538e+03
9.933159999999999854e+03
9.933644000000000233e+03
9.893672000000000480e+03
9.890716000000000349e+03
9.798236000000000786e+03
9.986443999999999505e+03
9.987623999999999796e+03
9.988020000000000437e+03
9.987623999999999796e+03
9.986040000000000873e+03
9.989603999999999360e+03
9.989603999999999360e+03
9.989603999999999360e+03
9.988020000000000437e+03
9.990000000000000000e+03
9.986435999999999694e+03
9.989603999999999360e+03
9.989208000000000538e+03
9.989603999999999360e+03
9.990000000000000000e+03
9.989208000000000538e+03
9.990000000000000000e+03
9.988811999999999898e+03
9.990000000000000000e+03
9.988020000000000437e+03
9.989208000000000538e+03
9.989208000000000538e+03
9.989603999999999360e+03
9.990000000000000000e+03
9.990000000000000000e+03
9.990000000000000000e+03
9.989603999999999360e+03
9.989603999999999360e+03
9.990000000000000000e+03
9.990000000000000000e+03
9.990000000000000000e+03
9.990000000000000000e+03
9.989208000000000538e+03
9.990000000000000000e+03
9.988811999999999898e+03
9.990000000000000000e+03
9.989208000000000538e+03
9.985247999999999593e+03
9.990000000000000000e+03
9.990000000000000000e+03
9.988415999999999258e+03
9.986040000000000873e+03
9.990000000000000000e+03
9.989208000000000538e+03
9.989208000000000538e+03
9.989603999999999360e+03
9.986832000000000335e+03
9.989603999999999360e+03
9.984456000000000131e+03
9.986435999999999694e+03
9.986435999999999694e+03
9.987623999999999796e+03
9.986435999999999694e+03
9.986040000000000873e+03
9.986435999999999694e+03
9.988020000000000437e+03
9.985644000000000233e+03
9.982484000000000378e+03
9.980891999999999825e+03
9.982871999999999389e+03
9.981288000000000466e+03
9.978128000000000611e+03
9.982079999999999927e+03
9.975371999999999389e+03
9.975355999999999767e+03
9.972600000000000364e+03
9.972203999999999724e+03
9.970263999999999214e+03
9.969843999999999141e+03
9.959652000000000044e+03
9.957608000000000175e+03
9.960824000000000524e+03
9.940656000000000859e+03
9.960736000000000786e+03
9.945824000000000524e+03
9.942435999999999694e+03
9.934056000000000495e+03
9.934379999999999200e+03
9.925280000000000655e+03
9.728824000000000524e+03
9.988811999999999898e+03
9.988020000000000437e+03
9.989603999999999360e+03
9.989208000000000538e+03
9.989603999999999360e+03
9.988415999999999258e+03
9.988415999999999258e+03
9.990000000000000000e+03
9.989603999999999360e+03
9.987227999999999156e+03
9.989603999999999360e+03
9.989603999999999360e+03
9.989208000000000538e+03
9.990000000000000000e+03
9.990000000000000000e+03
9.989208000000000538e+03
9.987623999999999796e+03
9.990000000000000000e+03
9.990000000000000000e+03
9.990000000000000000e+03
9.990000000000000000e+03
9.989603999999999360e+03
9.988811999999999898e+03
9.990000000000000000e+03
