-1.516850000000000143e-01
2.149824999999999930e-01
-4.510149999999999992e-01
-9.716500000000000137e-02
-3.747500000000000137e-02
-6.572500000000000217e-03
-9.888999999999999180e-02
-1.237149999999999916e-01
6.352499999999999813e-02
5.592249999999999999e-02
4.793750000000000094e-02
1.029149999999999926e-01
-6.342500000000000047e-03
6.761499999999999455e-02
1.375000000000000137e-03
-3.410000000000000270e-03
-9.109500000000000930e-02
3.157249999999999640e-02
-1.575000000000000011e-02
-1.182499999999999957e-03
-1.141250000000000077e-02
1.791500000000000037e-02
-7.504999999999999519e-03
7.424500000000000544e-02
-6.875000000000000035e-03
1.563250000000000056e-02
-1.217500000000000049e-03
2.264499999999999846e-02
4.352000000000000313e-02
8.587499999999999648e-03
-6.097500000000000489e-03
6.179999999999999730e-03
2.857749999999999874e-02
6.187500000000000291e-03
2.285000000000000139e-03
2.011499999999999747e-02
8.832500000000000073e-03
-3.214499999999999996e-02
1.219750000000000001e-02
-2.316750000000000059e-02
-2.468249999999999958e-02
2.175250000000000100e-02
2.102499999999999768e-03
9.207500000000000406e-03
1.305000000000000170e-03
-3.670000000000000085e-03
-6.425000000000000589e-04
1.983000000000000040e-02
-1.098000000000000191e-02
-1.231000000000000150e-02
3.155000000000000252e-03
-1.185250000000000019e-02
-7.670000000000000602e-03
-7.590000000000000392e-03
-6.935000000000000192e-03
