-9.954600000000000648e+01
-9.982200000000000273e+01
-9.983599999999999852e+01
-9.982599999999999341e+01
-9.975199999999999534e+01
-9.977800000000000580e+01
-9.978000000000000114e+01
-9.972599999999999909e+01
-9.974800000000000466e+01
-9.972400000000000375e+01
-9.967400000000000659e+01
-9.956600000000000250e+01
-9.956799999999999784e+01
-9.954600000000000648e+01
-9.960200000000000387e+01
-9.945000000000000284e+01
5.913000000000000256e+01
9.988800000000000523e+01
9.987399999999999523e+01
9.989600000000000080e+01
9.989600000000000080e+01
9.989600000000000080e+01
9.987600000000000477e+01
9.989199999999999591e+01
9.989000000000000057e+01
9.989600000000000080e+01
9.989199999999999591e+01
9.990000000000000568e+01
9.990000000000000568e+01
9.989400000000000546e+01
9.990000000000000568e+01
9.989199999999999591e+01
9.989600000000000080e+01
9.989799999999999613e+01
9.989000000000000057e+01
9.988599999999999568e+01
9.989799999999999613e+01
9.990000000000000568e+01
9.990000000000000568e+01
9.990000000000000568e+01
9.990000000000000568e+01
9.990000000000000568e+01
9.990000000000000568e+01
9.989400000000000546e+01
9.990000000000000568e+01
9.989199999999999591e+01
9.990000000000000568e+01
9.990000000000000568e+01
9.990000000000000568e+01
9.989600000000000080e+01
9.989199999999999591e+01
9.989199999999999591e+01
9.988200000000000500e+01
9.990000000000000568e+01
9.990000000000000568e+01
9.989400000000000546e+01
9.987999999999999545e+01
9.987600000000000477e+01
9.989799999999999613e+01
9.989400000000000546e+01
9.989600000000000080e+01
9.987199999999999989e+01
9.988599999999999568e+01
9.988599999999999568e+01
9.988400000000000034e+01
9.989000000000000057e+01
9.988599999999999568e+01
9.988400000000000034e+01
9.988599999999999568e+01
9.987399999999999523e+01
9.987199999999999989e+01
9.985200000000000387e+01
9.988400000000000034e+01
9.986799999999999500e+01
9.986599999999999966e+01
9.984600000000000364e+01
9.983199999999999363e+01
9.983799999999999386e+01
9.984399999999999409e+01
9.984399999999999409e+01
9.979600000000000648e+01
9.983400000000000318e+01
9.974800000000000466e+01
9.979000000000000625e+01
9.977800000000000580e+01
9.977599999999999625e+01
9.975000000000000000e+01
9.974800000000000466e+01
9.969400000000000261e+01
9.970399999999999352e+01
9.968600000000000705e+01
9.961199999999999477e+01
9.961400000000000432e+01
9.940800000000000125e+01
9.939000000000000057e+01
-1.451800000000000068e+01
-9.988200000000000500e+01
-9.988800000000000523e+01
-9.989000000000000057e+01
-9.988800000000000523e+01
-9.987999999999999545e+01
-9.989799999999999613e+01
-9.989799999999999613e+01
-9.989799999999999613e+01
-9.989000000000000057e+01
-9.990000000000000568e+01
-9.988200000000000500e+01
-9.989799999999999613e+01
-9.989600000000000080e+01
-9.989799999999999613e+01
-9.990000000000000568e+01
-9.989600000000000080e+01
-9.990000000000000568e+01
-9.989400000000000546e+01
-9.990000000000000568e+01
-9.989000000000000057e+01
-9.989600000000000080e+01
-9.989600000000000080e+01
-9.989799999999999613e+01
-9.990000000000000568e+01
-9.990000000000000568e+01
-9.990000000000000568e+01
-9.989799999999999613e+01
-9.989799999999999613e+01
-9.990000000000000568e+01
-9.990000000000000568e+01
-9.990000000000000568e+01
-9.990000000000000568e+01
-9.989600000000000080e+01
-9.990000000000000568e+01
-9.989400000000000546e+01
-9.990000000000000568e+01
-9.989600000000000080e+01
-9.987600000000000477e+01
-9.990000000000000568e+01
-9.990000000000000568e+01
-9.989199999999999591e+01
-9.987999999999999545e+01
-9.990000000000000568e+01
-9.989600000000000080e+01
-9.989600000000000080e+01
-9.989799999999999613e+01
-9.988400000000000034e+01
-9.989799999999999613e+01
-9.987199999999999989e+01
-9.988200000000000500e+01
-9.988200000000000500e+01
-9.988800000000000523e+01
-9.988200000000000500e+01
-9.987999999999999545e+01
-9.988200000000000500e+01
-9.989000000000000057e+01
-9.987800000000000011e+01
-9.986199999999999477e+01
-9.985399999999999920e+01
-9.986400000000000432e+01
-9.985599999999999454e+01
-9.984000000000000341e+01
-9.985999999999999943e+01
-9.982599999999999341e+01
-9.982599999999999341e+01
-9.981199999999999761e+01
-9.981000000000000227e+01
-9.979999999999999716e+01
-9.979800000000000182e+01
-9.974599999999999511e+01
-9.973600000000000421e+01
-9.975199999999999534e+01
-9.964799999999999613e+01
-9.975199999999999534e+01
-9.967600000000000193e+01
-9.965800000000000125e+01
-9.961599999999999966e+01
-9.961799999999999500e+01
-9.957200000000000273e+01
2.827599999999999980e+01
9.989400000000000546e+01
9.989000000000000057e+01
9.989799999999999613e+01
9.989600000000000080e+01
9.989799999999999613e+01
9.989199999999999591e+01
9.989199999999999591e+01
9.990000000000000568e+01
9.989799999999999613e+01
9.988599999999999568e+01
9.989799999999999613e+01
9.989799999999999613e+01
9.989600000000000080e+01
9.990000000000000568e+01
9.990000000000000568e+01
9.989600000000000080e+01
9.988800000000000523e+01
9.990000000000000568e+01
9.990000000000000568e+01
9.990000000000000568e+01
9.990000000000000568e+01
9.989799999999999613e+01
9.989400000000000546e+01
9.990000000000000568e+01
