9.995000000000000551e-01
-9.995000000000000551e-01
-9.991700000000000026e-01
9.980299999999999727e-01
9.941100000000000492e-01
-9.863899999999999890e-01
-9.695900000000000629e-01
9.357999999999999652e-01
8.532200000000000895e-01
-3.802800000000000069e-01
3.595999999999999891e-02
9.207000000000001294e-02
-1.752000000000000085e-02
-7.769999999999999997e-03
-5.537000000000000255e-02
-2.486000000000000362e-02
1.659000000000000058e-02
-9.600000000000000243e-04
4.199999999999999740e-03
-9.100000000000000016e-04
-5.180000000000000576e-03
-5.899999999999999863e-03
1.332000000000000024e-02
