2.399999999999999911e+00
2.419999999999999929e+00
2.439999999999999947e+00
2.459999999999999964e+00
2.479999999999999982e+00
2.500000000000000000e+00
2.520000000000000018e+00
2.540000000000000036e+00
2.560000000000000053e+00
2.580000000000000071e+00
2.600000000000000089e+00
2.620000000000000107e+00
2.640000000000000124e+00
2.660000000000000142e+00
2.680000000000000160e+00
2.700000000000000178e+00
2.720000000000000195e+00
2.740000000000000213e+00
2.760000000000000231e+00
2.780000000000000249e+00
2.800000000000000266e+00
2.820000000000000284e+00
2.840000000000000302e+00
2.860000000000000320e+00
2.880000000000000338e+00
2.900000000000000355e+00
2.920000000000000373e+00
2.940000000000000391e+00
2.960000000000000409e+00
2.980000000000000426e+00
3.000000000000000444e+00
3.020000000000000462e+00
3.040000000000000480e+00
3.060000000000000497e+00
3.080000000000000515e+00
3.100000000000000533e+00
3.120000000000000551e+00
3.140000000000000568e+00
3.160000000000000586e+00
3.180000000000000604e+00
3.200000000000000622e+00
3.220000000000000639e+00
3.240000000000000657e+00
3.260000000000000675e+00
3.280000000000000693e+00
3.300000000000000711e+00
3.320000000000000728e+00
3.340000000000000746e+00
3.360000000000000764e+00
3.380000000000000782e+00
3.400000000000000799e+00
3.420000000000000817e+00
3.440000000000000835e+00
3.460000000000000853e+00
3.480000000000000870e+00
