0.000000000000000000e+00
5.000000000000000104e-03
1.000000000000000021e-02
1.499999999999999944e-02
2.000000000000000042e-02
2.500000000000000139e-02
2.999999999999999889e-02
3.500000000000000333e-02
4.000000000000000083e-02
4.499999999999999833e-02
5.000000000000000278e-02
5.500000000000000028e-02
5.999999999999999778e-02
6.500000000000000222e-02
7.000000000000000666e-02
7.499999999999999722e-02
8.000000000000000167e-02
8.500000000000000611e-02
8.999999999999999667e-02
9.500000000000000111e-02
1.000000000000000056e-01
1.049999999999999961e-01
1.100000000000000006e-01
1.150000000000000050e-01
1.199999999999999956e-01
1.250000000000000000e-01
1.300000000000000044e-01
1.350000000000000089e-01
1.400000000000000133e-01
1.449999999999999900e-01
1.499999999999999944e-01
1.549999999999999989e-01
1.600000000000000033e-01
1.650000000000000078e-01
1.700000000000000122e-01
1.750000000000000167e-01
1.799999999999999933e-01
1.849999999999999978e-01
1.900000000000000022e-01
1.950000000000000067e-01
2.000000000000000111e-01
1.950000000000000067e-01
1.900000000000000022e-01
1.849999999999999978e-01
1.799999999999999933e-01
1.749999999999999889e-01
1.699999999999999845e-01
1.649999999999999800e-01
1.599999999999999756e-01
1.549999999999999711e-01
1.499999999999999667e-01
1.449999999999999623e-01
1.399999999999999578e-01
1.349999999999999534e-01
1.299999999999999489e-01
1.249999999999999445e-01
1.199999999999999400e-01
1.149999999999999356e-01
1.099999999999999312e-01
1.049999999999999267e-01
9.999999999999992228e-02
9.499999999999991784e-02
8.999999999999991340e-02
8.499999999999990896e-02
7.999999999999990452e-02
7.499999999999990008e-02
6.999999999999989564e-02
6.499999999999989120e-02
5.999999999999988676e-02
5.499999999999988232e-02
4.999999999999987788e-02
4.499999999999987343e-02
3.999999999999986899e-02
3.499999999999986455e-02
2.999999999999986011e-02
2.499999999999985567e-02
1.999999999999985123e-02
1.499999999999984679e-02
9.999999999999842348e-03
4.999999999999837907e-03
-1.665334536937734811e-16
-5.000000000000170974e-03
-1.000000000000017542e-02
-1.500000000000017986e-02
-2.000000000000018430e-02
-2.500000000000018874e-02
-3.000000000000019318e-02
-3.500000000000019762e-02
-4.000000000000020206e-02
-4.500000000000020650e-02
-5.000000000000021094e-02
-5.500000000000021538e-02
-6.000000000000021982e-02
-6.500000000000022427e-02
-7.000000000000022871e-02
-7.500000000000023315e-02
-8.000000000000023759e-02
-8.500000000000024203e-02
-9.000000000000024647e-02
-9.500000000000025091e-02
-1.000000000000002554e-01
-1.050000000000002598e-01
-1.100000000000002642e-01
-1.150000000000002687e-01
-1.200000000000002731e-01
-1.250000000000002776e-01
-1.300000000000002820e-01
-1.350000000000002864e-01
-1.400000000000002909e-01
-1.450000000000002953e-01
-1.500000000000002998e-01
-1.550000000000003042e-01
-1.600000000000003086e-01
-1.650000000000003131e-01
-1.700000000000003175e-01
-1.750000000000003220e-01
-1.800000000000003264e-01
-1.850000000000003308e-01
-1.900000000000003353e-01
-1.950000000000003397e-01
-2.000000000000000111e-01
-1.950000000000000067e-01
-1.900000000000000022e-01
-1.849999999999999978e-01
-1.799999999999999933e-01
-1.749999999999999889e-01
-1.699999999999999845e-01
-1.649999999999999800e-01
-1.599999999999999756e-01
-1.549999999999999711e-01
-1.499999999999999667e-01
-1.449999999999999623e-01
-1.399999999999999578e-01
-1.349999999999999534e-01
-1.299999999999999489e-01
-1.249999999999999445e-01
-1.199999999999999400e-01
-1.149999999999999356e-01
-1.099999999999999312e-01
-1.049999999999999267e-01
-9.999999999999992228e-02
-9.499999999999991784e-02
-8.999999999999991340e-02
-8.499999999999990896e-02
-7.999999999999990452e-02
-7.499999999999990008e-02
-6.999999999999989564e-02
-6.499999999999989120e-02
-5.999999999999988676e-02
-5.499999999999988232e-02
-4.999999999999987788e-02
-4.499999999999987343e-02
-3.999999999999986899e-02
-3.499999999999986455e-02
-2.999999999999986011e-02
-2.499999999999985567e-02
-1.999999999999985123e-02
-1.499999999999984679e-02
-9.999999999999842348e-03
-4.999999999999837907e-03
1.665334536937734811e-16
5.000000000000170974e-03
1.000000000000017542e-02
1.500000000000017986e-02
2.000000000000018430e-02
2.500000000000018874e-02
3.000000000000019318e-02
3.500000000000019762e-02
4.000000000000020206e-02
4.500000000000020650e-02
5.000000000000021094e-02
5.500000000000021538e-02
6.000000000000021982e-02
6.500000000000022427e-02
7.000000000000022871e-02
7.500000000000023315e-02
8.000000000000023759e-02
8.500000000000024203e-02
9.000000000000024647e-02
9.500000000000025091e-02
1.000000000000002554e-01
1.050000000000002598e-01
1.100000000000002642e-01
1.150000000000002687e-01
1.200000000000002731e-01
1.250000000000002776e-01
1.300000000000002820e-01
1.350000000000002864e-01
1.400000000000002909e-01
1.450000000000002953e-01
1.500000000000002998e-01
1.550000000000003042e-01
1.600000000000003086e-01
1.650000000000003131e-01
1.700000000000003175e-01
1.750000000000003220e-01
1.800000000000003264e-01
1.850000000000003308e-01
1.900000000000003353e-01
1.950000000000003397e-01
