0.000000000000000000e+00
1.000000000000000021e-02
2.000000000000000042e-02
2.999999999999999889e-02
4.000000000000000083e-02
5.000000000000000278e-02
5.999999999999999778e-02
7.000000000000000666e-02
8.000000000000000167e-02
8.999999999999999667e-02
1.000000000000000056e-01
1.100000000000000006e-01
1.199999999999999956e-01
1.300000000000000044e-01
1.400000000000000133e-01
1.499999999999999944e-01
1.600000000000000033e-01
1.700000000000000122e-01
1.799999999999999933e-01
1.900000000000000022e-01
2.000000000000000111e-01
2.099999999999999922e-01
2.200000000000000011e-01
2.300000000000000100e-01
2.399999999999999911e-01
2.500000000000000000e-01
2.600000000000000089e-01
2.700000000000000178e-01
2.800000000000000266e-01
2.899999999999999800e-01
2.999999999999999889e-01
2.899999999999999800e-01
2.799999999999999711e-01
2.699999999999999623e-01
2.599999999999999534e-01
2.499999999999999445e-01
2.399999999999999356e-01
2.299999999999999267e-01
2.199999999999999178e-01
2.099999999999999090e-01
1.999999999999999001e-01
1.899999999999998912e-01
1.799999999999998823e-01
1.699999999999998734e-01
1.599999999999998646e-01
1.499999999999998557e-01
1.399999999999998468e-01
1.299999999999998379e-01
1.199999999999998290e-01
1.099999999999998201e-01
9.999999999999981126e-02
8.999999999999980238e-02
7.999999999999979350e-02
6.999999999999978462e-02
5.999999999999977573e-02
4.999999999999976685e-02
3.999999999999975797e-02
2.999999999999974909e-02
1.999999999999974021e-02
9.999999999999731326e-03
-2.775557561562891351e-16
-1.000000000000028644e-02
-2.000000000000029532e-02
-3.000000000000030420e-02
-4.000000000000031308e-02
-5.000000000000032196e-02
-6.000000000000033085e-02
-7.000000000000033973e-02
-8.000000000000034861e-02
-9.000000000000035749e-02
-1.000000000000003664e-01
-1.100000000000003753e-01
-1.200000000000003841e-01
-1.300000000000003930e-01
-1.400000000000004019e-01
-1.500000000000004108e-01
-1.600000000000004197e-01
-1.700000000000004285e-01
-1.800000000000004374e-01
-1.900000000000004463e-01
-2.000000000000004552e-01
-2.100000000000004641e-01
-2.200000000000004730e-01
-2.300000000000004818e-01
-2.400000000000004907e-01
-2.500000000000004996e-01
-2.600000000000005085e-01
-2.700000000000005174e-01
-2.800000000000005262e-01
-2.900000000000005351e-01
-2.999999999999999889e-01
-2.899999999999999800e-01
-2.799999999999999711e-01
-2.699999999999999623e-01
-2.599999999999999534e-01
-2.499999999999999445e-01
-2.399999999999999356e-01
-2.299999999999999267e-01
-2.199999999999999178e-01
-2.099999999999999090e-01
-1.999999999999999001e-01
-1.899999999999998912e-01
-1.799999999999998823e-01
-1.699999999999998734e-01
-1.599999999999998646e-01
-1.499999999999998557e-01
-1.399999999999998468e-01
-1.299999999999998379e-01
-1.199999999999998290e-01
-1.099999999999998201e-01
-9.999999999999981126e-02
-8.999999999999980238e-02
-7.999999999999979350e-02
-6.999999999999978462e-02
-5.999999999999977573e-02
-4.999999999999976685e-02
-3.999999999999975797e-02
-2.999999999999974909e-02
-1.999999999999974021e-02
-9.999999999999731326e-03
2.775557561562891351e-16
1.000000000000028644e-02
2.000000000000029532e-02
3.000000000000030420e-02
4.000000000000031308e-02
5.000000000000032196e-02
6.000000000000033085e-02
7.000000000000033973e-02
8.000000000000034861e-02
9.000000000000035749e-02
1.000000000000003664e-01
1.100000000000003753e-01
1.200000000000003841e-01
1.300000000000003930e-01
1.400000000000004019e-01
1.500000000000004108e-01
1.600000000000004197e-01
1.700000000000004285e-01
1.800000000000004374e-01
1.900000000000004463e-01
2.000000000000004552e-01
2.100000000000004641e-01
2.200000000000004730e-01
2.300000000000004818e-01
2.400000000000004907e-01
2.500000000000004996e-01
2.600000000000005085e-01
2.700000000000005174e-01
2.800000000000005262e-01
2.900000000000005351e-01
